35 33 33 33 33 33 33 33 33 33 33 33 33 33 33 33 33 33 33 33 33 33 33 33 33 33 33 33 33 33 33 33 33 33 33 33 33 33 33 33 33 33 33 33 33 33 33 33 33 34
30 25 25 25 25 25 25 25 25 25 25 25 25 25 25 25 25 25 25 25 25 25 25 25 25 25 25 25 25 25 25 25 25 25 25 25 25 25 25 25 25 25 25 25 25 25 25 25 25 31
30 25 25 25 25 25 25 25 25 25 25 25 25 25 25 25 25 25 25 25 25 25 25 25 25 25 25 25 25 25 25 25 25 25 25 25 25 25 25 25 25 25 25 25 25 25 25 25 25 31
30 25 25 41 41 41 41 41 41 41 41 41 41 41 41 41 41 41 41 10 10 10 10 10 10 10 10 10 41 41 41 41 41 41 41 41 41 41 41 41 41 41 41 41 41 41 41 25 25 31
30 25 25 41 41 41 41 41 41 41 41 41 41 41 41 41 41 41 41 10 9 33 33 33 33 33 34 10 41 41 41 41 41 41 41 41 41 41 41 41 41 41 41 41 41 41 41 25 25 31
30 25 25 41 41 41 41 41 41 41 41 41 41 41 41 41 41 41 41 11 30 25 25 25 25 25 31 10 41 41 41 41 41 41 41 41 41 41 41 41 41 41 41 41 41 41 41 25 25 31
30 25 25 41 41 41 41 41 41 41 41 41 41 41 41 41 41 41 41 10 30 25 25 25 25 25 31 11 41 41 41 41 41 41 41 41 41 41 41 41 41 41 41 41 41 41 41 25 25 31
30 25 25 41 41 41 41 41 41 41 41 41 41 41 41 41 41 41 41 10 30 25 25 25 25 25 31 10 41 41 41 41 41 41 41 41 41 41 41 41 41 41 41 41 41 41 41 25 25 31
30 25 25 41 41 41 41 41 41 41 41 41 41 41 41 41 41 41 41 11 27 28 28 28 28 28 29 10 41 41 41 41 41 41 41 41 41 41 41 41 41 41 41 41 41 41 41 25 25 31
30 25 25 41 41 41 41 41 41 41 41 41 41 41 41 41 41 41 41 10 10 10 10 10 11 10 10 10 41 41 41 41 41 41 41 41 41 41 41 41 41 41 41 41 41 41 41 25 25 31
30 25 25 41 41 41 41 41 41 41 41 41 41 41 41 41 41 41 41 41 41 41 24 18 23 41 41 41 41 41 41 41 41 41 41 41 41 41 41 41 41 41 41 41 41 41 41 25 25 31
30 25 25 41 41 41 41 41 41 41 41 41 41 41 41 41 41 41 41 41 41 41 19 12 20 41 41 41 41 41 41 41 41 41 41 41 41 41 41 41 41 41 41 41 41 41 41 25 25 31
30 25 25 41 41 41 41 41 41 41 41 41 41 41 39 39 39 39 41 41 41 41 19 12 20 41 41 41 41 41 41 41 41 41 41 41 41 41 41 41 41 41 41 41 41 41 41 25 25 31
30 25 25 41 41 41 41 41 41 41 41 41 41 41 39 48 39 39 10 10 10 10 19 12 20 10 10 10 41 41 41 41 41 41 41 41 41 41 41 41 41 41 41 41 41 41 41 25 25 31
30 25 25 41 41 41 41 41 41 41 41 41 41 41 39 39 39 39 41 41 41 41 19 12 20 41 41 41 41 41 41 41 41 41 41 41 41 41 41 41 41 41 41 41 41 41 41 25 25 31
30 25 25 41 41 41 41 41 41 41 41 41 41 41 41 41 41 41 41 41 41 41 19 12 20 41 41 41 41 41 41 41 41 41 41 41 41 41 41 41 41 41 41 41 41 41 41 25 25 31
30 25 25 41 41 41 41 41 41 41 41 41 41 41 41 41 41 41 41 41 41 41 19 12 20 41 41 41 41 41 41 41 41 41 41 41 41 41 41 41 41 41 41 41 41 41 41 25 25 31
30 25 25 41 41 41 41 41 41 41 41 41 41 41 41 41 41 41 41 41 41 41 19 12 20 41 41 41 41 41 41 41 41 41 41 41 41 41 41 41 41 41 41 41 41 41 41 25 25 31
30 25 25 41 41 41 41 41 41 41 41 41 41 41 41 41 41 41 41 41 10 10 13 12 14 10 10 41 41 41 41 41 41 41 41 41 41 41 41 41 41 41 41 41 41 41 41 25 25 31
30 25 25 41 41 41 41 41 41 41 41 41 41 41 41 41 41 41 41 41 10 13 12 12 12 14 10 41 41 41 41 41 41 41 41 41 41 41 41 41 41 41 41 41 41 41 41 25 25 31
30 25 25 41 41 41 41 41 41 41 41 41 41 41 41 41 41 41 41 41 13 12 12 12 12 12 14 41 41 41 41 41 41 41 41 41 41 41 41 41 41 41 41 41 41 41 41 25 25 31
30 25 25 41 41 41 41 41 41 41 41 41 41 10 10 10 10 12 12 12 12 12 12 12 12 12 12 12 12 10 10 10 10 10 10 10 10 10 10 10 41 41 41 41 41 41 41 25 25 31
30 25 25 41 41 41 41 41 41 41 41 41 41 41 41 41 41 41 41 41 15 12 12 12 12 12 16 41 41 41 41 41 41 41 41 41 41 41 41 10 41 41 41 41 41 41 41 25 25 31
30 25 25 41 41 41 41 41 41 41 41 41 41 41 41 41 41 41 41 41 22 15 12 12 12 16 21 41 41 41 41 41 41 41 41 41 41 41 41 10 41 41 41 41 41 41 41 25 25 31
30 25 25 41 41 41 41 41 41 41 41 41 41 41 41 41 41 41 41 41 41 22 15 12 16 21 41 41 41 41 41 41 41 41 41 41 41 41 41 10 41 41 41 41 41 41 41 25 25 31
30 25 25 41 41 41 41 41 41 41 41 41 41 41 41 41 41 41 41 41 41 41 19 12 20 41 41 41 41 41 41 41 41 41 41 41 41 41 41 10 41 41 41 41 41 41 41 25 25 31
30 25 25 41 41 41 41 41 41 41 41 41 41 41 41 41 41 41 41 41 41 41 19 12 20 41 41 41 41 41 41 41 41 41 41 41 41 41 41 10 41 41 41 41 41 41 41 25 25 31
30 25 25 41 41 41 41 41 41 41 41 41 41 41 41 41 41 41 41 41 41 41 19 12 20 41 41 41 41 41 41 41 41 41 41 41 41 41 41 10 41 41 41 41 41 41 41 25 25 31
30 25 25 41 41 41 41 41 41 41 41 41 41 41 41 41 41 41 41 41 41 41 19 12 20 41 41 41 41 41 41 41 41 41 41 41 41 41 41 10 41 41 41 41 41 41 41 25 25 31
30 25 25 41 41 41 41 41 41 41 41 41 41 41 41 41 41 41 41 41 41 41 19 12 20 41 41 41 41 41 41 41 41 41 41 41 41 41 41 10 41 41 41 41 41 41 41 25 25 31
30 25 25 41 41 41 41 41 41 41 41 41 41 41 41 41 41 41 41 41 41 41 19 12 20 41 41 41 41 41 41 41 41 41 41 41 41 41 41 10 41 41 41 41 41 41 41 25 25 31
30 25 25 41 41 41 41 41 41 41 41 41 41 41 41 41 41 41 41 41 41 41 19 12 20 41 41 41 41 41 41 41 41 41 41 41 41 41 41 10 41 41 41 41 41 41 41 25 25 31
30 25 25 41 41 41 41 41 41 41 41 41 41 41 41 41 41 41 41 41 41 41 19 12 20 41 41 41 41 41 41 41 41 41 41 41 41 41 41 10 10 10 10 10 41 41 41 25 25 31
30 25 25 41 41 41 41 41 41 41 41 41 41 41 41 41 41 41 41 41 41 41 19 12 20 41 41 41 41 41 41 41 41 41 41 41 41 41 41 10 10 10 10 10 41 41 41 25 25 31
30 25 25 41 41 41 41 41 41 41 41 41 41 41 41 41 41 41 41 41 41 41 19 12 20 41 41 41 41 41 41 41 41 41 41 41 41 41 41 10 10 42 10 10 41 41 41 25 25 31
30 25 25 41 41 41 41 41 41 41 41 41 41 41 41 41 41 41 41 41 41 41 22 10 21 41 41 41 41 41 41 41 41 41 41 41 41 41 41 10 10 10 10 10 41 41 41 25 25 31
30 25 25 41 41 41 41 41 41 41 41 41 41 41 41 41 41 10 10 10 10 10 10 10 10 10 10 10 10 10 41 41 41 41 41 41 41 41 41 10 10 10 10 10 41 41 41 25 25 31
30 25 25 41 41 41 41 41 41 41 41 41 41 41 41 41 41 10 10 10 10 10 11 10 10 10 10 10 10 10 41 41 41 41 41 41 41 41 41 41 41 41 41 41 41 41 41 25 25 31
30 25 25 41 41 41 41 41 41 41 41 41 41 41 41 41 41 10 11 10 10 10 10 10 10 10 10 10 10 10 41 41 41 41 41 41 41 41 41 41 41 41 41 41 41 41 41 25 25 31
30 25 25 41 41 41 41 41 41 41 41 41 41 41 41 41 41 10 10 10 10 10 10 11 10 10 10 11 10 10 41 41 41 41 41 41 41 41 41 41 41 41 41 41 41 41 41 25 25 31
30 25 25 41 41 41 41 41 41 41 41 41 41 41 41 41 41 10 10 10 10 10 10 10 10 10 10 10 10 10 41 41 41 41 41 41 41 41 41 41 41 41 41 41 41 41 41 25 25 31
30 25 25 41 41 41 41 41 41 41 41 41 41 41 41 41 41 10 10 10 10 10 10 10 10 11 10 10 10 10 41 41 41 41 41 41 41 41 41 41 41 41 41 41 41 41 41 25 25 31
30 25 25 41 41 41 41 41 41 41 41 41 41 41 41 41 41 10 10 10 11 10 10 10 10 10 10 10 10 10 41 41 41 41 41 41 41 41 41 41 41 41 41 41 41 41 41 25 25 31
30 25 25 41 41 41 41 41 41 41 41 41 41 41 41 41 41 10 10 10 10 10 10 10 10 10 10 10 11 10 41 41 41 41 41 41 41 41 41 41 41 41 41 41 41 41 41 25 25 31
30 25 25 41 41 41 41 41 41 41 41 41 41 41 41 41 41 10 10 10 10 10 10 10 11 10 10 10 10 10 41 41 41 41 41 41 41 41 41 41 41 41 41 41 41 41 41 25 25 31
30 25 25 41 41 41 41 41 41 41 41 41 41 41 41 41 41 10 11 10 10 10 10 10 10 10 10 10 10 10 41 41 41 41 41 41 41 41 41 41 41 41 41 41 41 41 41 25 25 31
30 25 25 41 41 41 41 41 41 41 41 41 41 41 41 41 41 10 10 10 10 10 10 10 10 10 10 10 10 11 41 41 41 41 41 41 41 41 41 41 41 41 41 41 41 41 41 25 25 31
30 25 25 33 33 33 33 33 33 33 33 33 33 33 33 33 33 33 33 33 33 33 33 33 33 33 33 33 33 33 33 33 33 33 33 33 33 33 33 33 33 33 33 33 33 25 25 25 25 31
30 25 25 25 25 25 25 25 25 25 25 25 25 25 25 25 25 25 25 25 25 25 25 25 25 25 25 25 25 25 25 25 25 25 25 25 25 25 25 25 25 25 25 25 25 25 25 25 25 31
27 28 28 28 28 28 28 28 28 28 28 28 28 28 28 28 28 28 28 28 28 28 28 28 28 28 28 28 28 28 28 28 28 28 28 28 28 28 28 28 28 28 28 28 28 28 28 28 28 29